k = 0.167377
b = -0.00034559
m = 4.14229e-05

y = (24141/(x-8))-0.18

y = (23980/(x-8.42))+0.42
